4294967278,195
4294967279,195
4294967278,194
4294967279,193
4294967278,192
4294967279,192
4294967278,191
4294967279,191
4294967278,190
4294967279,189
4294967278,188
4294967279,188
4294967278,187
4294967279,187
4294967294,436
4294967294,902
4294967294,46
4294967294,1
4294967294,903
4294967294,185
4294967278,186
4294967294,107
4294967294,472
4294967294,2
4294967294,0
4294967294,91
4294967294,90
4294967294,87
4294967294,86
4294967294,85
4294967294,84
4294967294,418
4294967294,950
4294967294,949
4294967294,29
4294967294,921
4294967294,28
4294967294,53
4294967294,45
4294967294,426
4294967294,44
4294967294,1416
4294967279,182
4294967278,181
4294967279,181
4294967278,180
4294967278,178
4294967294,96
4294967294,94
4294967279,180
17,4
4294967278,179
17,3
17,2
17,1
4294967294,9
4294967279,179
4294967294,8
0,7
4294967279,177
4294967279,566
4294967294,471
4294967278,293
4294967278,292
4294967278,291
4294967279,289
4294967279,288
4294967279,287
4294967279,173
4294967279,172
4294967279,171
4294967279,170
4294967279,169
4294967279,168
4294967279,167
4294967279,166
4294967279,165
4294967279,164
4294967279,163
4294967279,162
4294967279,161
4294967279,160
4294967279,159
4294967278,158
4294967279,158
4294967279,157
4294967279,155
4294967279,154
4294967278,154
4294967278,373
4294967279,152
4294967279,565
4294967278,372
4294967294,1414
4294967279,564
4294967279,563
4294967278,371
4294967279,562
4294967278,370
4294967279,561
4294967278,369
4294967278,368
4294967279,560
4294967278,367
4294967278,366
4294967279,559
4294967279,558
4294967278,365
4294967279,557
4294967278,364
4294967279,137
4294967294,470
4294967294,83
4294967293,131
4294967293,130
4294967293,129
4294967293,128
4294967293,127
4294967293,126
4294967293,125
4294967293,124
4294967293,123
4294967293,122
4294967293,121
4294967293,120
4294967293,119
4294967293,118
4294967293,117
4294967293,116
4294967293,115
4294967293,114
4294967293,113
4294967293,112
4294967293,111
4294967293,110
4294967293,109
4294967293,108
4294967293,107
4294967293,106
4294967293,105
4294967293,104
4294967293,103
4294967293,102
4294967293,101
4294967293,100
4294967293,99
4294967293,98
4294967293,97
4294967293,96
4294967293,95
4294967293,94
4294967293,93
4294967293,92
4294967293,91
4294967293,90
4294967293,89
4294967293,87
4294967293,86
4294967293,85
4294967293,84
4294967293,83
4294967293,82
4294967293,81
4294967293,80
4294967293,79
4294967293,78
4294967293,77
4294967293,76
4294967293,75
4294967293,74
4294967293,73
4294967293,72
4294967293,71
4294967293,70
4294967293,69
4294967293,68
4294967293,67
4294967293,66
4294967293,65
4294967293,64
4294967293,63
4294967293,62
4294967293,61
4294967293,60
4294967293,59
4294967293,58
4294967293,57
4294967293,56
4294967293,55
4294967293,54
4294967293,53
4294967293,52
4294967293,51
4294967293,50
4294967293,49
4294967293,48
4294967293,47
4294967293,46
4294967293,45
4294967293,44
4294967293,43
4294967293,42
4294967293,41
4294967293,40
4294967293,39
4294967293,38
4294967293,37
4294967293,36
4294967293,35
4294967293,34
4294967293,33
4294967293,32
4294967293,31
4294967293,30
4294967293,29
4294967293,28
4294967293,27
4294967293,26
4294967293,25
4294967293,24
4294967293,23
4294967293,22
4294967293,21
4294967293,20
4294967293,19
4294967293,18
4294967293,17
4294967293,16
4294967293,15
4294967293,14
4294967293,13
4294967293,12
4294967293,11
4294967293,10
4294967293,9
4294967293,8
4294967293,7
4294967293,6
4294967293,5
4294967293,4
4294967293,3
4294967279,34
4294967279,33
4294967279,32
4294967279,31
4294967279,30
4294967279,29
4294967279,28
4294967279,27
4294967279,26
4294967279,25
4294967279,24
4294967279,23
4294967278,269
4294967279,264
4294967278,268
4294967279,263
4294967278,267
4294967279,262
4294967278,281
4294967279,261
4294967278,265
4294967279,275
4294967278,363
4294967279,258
4294967278,264
4294967279,257
4294967279,256
4294967278,262
4294967279,255
4294967278,261
4294967279,254
4294967278,278
4294967279,253
4294967278,258
4294967279,556
4294967279,555
4294967278,255
4294967279,554
4294967278,362
4294967279,250
4294967279,249
4294967279,43
4294967279,42
4294967279,41
4294967279,40
4294967279,39
4294967279,38
4294967279,37
4294967279,36
4294967279,35
4294967278,251
4294967279,553
4294967279,247
4294967279,246
4294967278,245
4294967279,243
4294967279,242
4294967279,54
4294967279,53
4294967279,52
4294967279,51
4294967279,50
4294967279,49
4294967279,48
4294967279,47
4294967279,46
4294967279,45
4294967279,44
4294967278,241
4294967279,240
4294967279,552
4294967279,238
4294967278,361
4294967279,234
4294967278,233
4294967279,231
4294967279,229
4294967278,229
4294967279,228
4294967278,226
